function PD = nflDiff()
PD = [10
3
3
7
5
3
24
26
14
2
44
13
12
21
3
17
10
8
12
2
21
1
31
3
1
25
8
10
2
4
15
14
19
7
2
38
14
32
12
5
7
9
7
5
14
11
11
1
10
3
14
4
3
12
15
6
1
8
7
2
33
7
3
8
3
6
7
1
2
3
1
35
1
7
14
16
8
11
1
14
31
1
22
3
19
14
6
3
3
7
13
19
2
2
17
16
7
17
12
32
14
3
28
3
3
23
1
16
14
5
11
19
6
10
10
5
11
4
16
35
7
16
12
7
3
32
18
11
2
16
24
1
8
14
35
3
5
1
14
6
20
34
12
7
2
3
29
2
5
3
14
22
16
8
3
7
8
8
3
7
4
1
8
2
10
20
15
7
24
18
7
31
14
3
7
19
14
14
14
12
35
13
6
10
3
6
15
24
1
10
10
37
41
14
14
3
3
6
5
4
3
3
24
31
18
8
4
3
2
3
13
6
4
21
6
3
15
7
2
24
1
3
24
7
15
7
31
4
7
3
3
31
6
3
11
3
24
14
3
3
27
14
7
3
8
6
3
18
7
3
3
3
14
24
4
21
17
9
18
14
6
3
7
13
3];